100
-50 6692
-49 6424
-48 6137
-47 5883
-46 5619
-45 5323
-44 5117
-43 4875
-42 4607
-41 4354
-40 4133
-39 3936
-38 3734
-37 3473
-36 3301
-35 3073
-34 2883
-33 2724
-32 2524
-31 2352
-30 2211
-29 2008
-28 1895
-27 1706
-26 1583
-25 1450
-24 1326
-23 1203
-22 1044
-21 923
-20 874
-19 717
-18 665
-17 557
-16 446
-15 401
-14 336
-13 231
-12 197
-11 139
-10 79
-9 72
-8 13
-7 -8
-6 -37
-5 -70
-4 -92
-3 -47
-2 -73
-1 -91
0 -84
1 -21
2 -22
3 30
4 55
5 90
6 113
7 185
8 280
9 314
10 380
11 503
12 553
13 629
14 743
15 820
16 979
17 1087
18 1187
19 1293
20 1475
21 1592
22 1738
23 1862
24 2029
25 2187
26 2356
27 2521
28 2725
29 2916
30 3117
31 3322
32 3468
33 3712
34 3919
35 4154
36 4373
37 4594
38 4847
39 5110
40 5321
41 5598
42 5866
43 6162
44 6396
45 6698
46 6983
47 7280
48 7571
49 7906